speciesKey
2943728
2973176
2978224
2978225
2978228
2978230
2978232
2978235
2978236
2978237
2978240
2978241
2978248
2978250
2978251
2978258
2978260
2978262
2978263
2978264
2978267
2978269
2978279
2978282
2978283
2978284
2978285
2978286
2978288
2978289
2978294
2978295
2978298
2978300
2978302
2978304
2978306
2978307
2978314
2978318
2978324
2978328
2978336
2978338
2978342
2978345
2978346
2978348
2978352
2978359
2978365
2978367
2978369
2978370
2978380
2978381
2978383
2978388
2978392
2978396
2978401
2978402
2978403
2978404
2978410
2978414
2978417
2978418
2978430
2978451
2978456
2978459
2978460
2978463
2978464
2978470
2978479
2978480
2978484
2978492
2978497
2978500
2978503
2978512
2978513
2978514
2978520
2978524
2978525
2978526
2978527
2978534
2978541
2978543
2978546
2978547
2978548
2978551
2978558
2978560
2978581
2978591
2978594
2978595
2978596
2978597
2978598
2978604
2978605
2978611
2978612
2978617
2978619
2978630
2978633
2978634
2978642
2978645
2978647
2978648
2978649
2978654
2978657
2978661
2978663
2978664
2978665
2978667
2978670
2978671
2978672
2978673
2978678
2978680
2978683
2978684
2978685
2978689
2978690
2978691
2978692
2978693
2978694
2978698
2978699
2978700
2978701
2978703
2978704
2978711
2978716
2978719
2978724
2978728
2978729
2978730
2978737
2978739
2978740
2978743
2978750
2978751
2978758
2978759
2978760
2978764
2978767
2978771
2978781
2978784
2978785
2978786
2978794
2978796
2978797
2978798
2978799
2978800
2978801
2978803
2978805
2978806
2978808
2978812
2978814
2978830
2978831
2978832
2978834
2978852
2978856
2978859
2978864
2978873
2978874
2978875
2978876
2978877
2978881
2978884
2978888
2978889
2978890
2978891
2978892
2978893
2978894
2978898
2978901
2978902
2978903
2978904
2978906
2978908
2978909
2978910
2978913
2978917
2978920
2978921
2978924
2978928
2978932
2978934
2978935
2978936
2978939
2978941
2978942
2978943
2978945
2978948
2978964
2978965
2978966
2978968
2978970
2978974
2978975
2978978
2978979
2978981
2978982
2978984
2978985
2978989
2978991
2978993
2978995
2979000
2979006
2979014
2979023
2979024
2979026
2979027
2979029
2979040
2979041
2979042
2979055
2979057
2979059
2979062
2979063
2979064
2979065
2979066
2979069
2979070
2979072
2979075
2979080
2979083
2979087
2979088
2979090
2979091
2979099
2979104
2979105
2979112
2979116
2979118
2979143
2979144
2979146
2979148
2979150
2979153
2979156
2979158
2979160
2979161
2979168
2979171
2979176
2979178
2979179
2979180
2979184
2979186
2979189
2979191
2979192
2979208
2979209
2979223
2979226
2979227
2979232
2979234
2979235
2979237
2979239
2979243
2979253
2979273
2979285
2979286
2979292
2979310
2979312
2979316
2979319
2979321
2979322
2979327
2979331
2979334
2979336
2979337
2979341
2979342
2979343
2979345
2979347
2979354
2979355
2979372
2979375
2979376
2979387
2979389
2979390
2979391
2979393
2979394
2979398
2979401
2979403
2979404
2979408
2979415
2979424
2979427
2979433
2979434
2979435
2979439
2979443
2979447
2979454
2979458
2979461
2979462
2979463
2979464
2979465
2979466
2979467
2979468
2979470
2979472
2979473
2979474
2979479
2979480
2979483
2979485
2979490
2979491
2979494
2979498
2979501
2979506
2979508
2979513
2979514
2979515
2979516
2979517
2979519
2979524
2979525
2979527
2979534
2979537
2979539
2979545
2979546
2979547
2979557
2979558
2979559
2979568
2979572
2979574
2979576
2979587
2979591
2979594
2979597
2979598
2979599
2979601
2979605
2979606
2979609
2979612
2979617
2979618
2979623
2979628
2979635
2979644
2979645
2979646
2979647
2979648
2979665
2979667
2979668
2979671
2979685
2979686
2979687
2979691
2979694
2979697
2979699
2979706
2979707
2979710
2979711
2979714
2979722
2979729
2979735
2979736
2979737
2979742
2979743
2979745
2979752
2979753
2979757
2979760
2979768
2979773
2979774
2979775
2979778
2979782
2979793
2979797
2979799
2979812
2979818
2979819
2979830
2979834
2979835
2979842
2979847
2979849
2979850
2979852
2979853
2979854
2979855
2979860
2979861
2979863
2979864
2979865
2979868
2979881
2979886
2979887
2979888
2979889
2979890
2979891
2979892
2979895
2979896
2979900
2979901
2979906
2979920
2979921
2979922
2979923
2979924
2979926
2979927
2979941
2979945
2979947
2979951
2979952
2979954
2979958
2979961
2979963
2979964
2979965
2979966
2979971
2979972
2979974
2979979
2979980
2979981
2979990
2979992
2979993
2979994
2979996
2980000
2980002
2980003
2980005
2980009
2980035
2980043
2980045
2980047
2980048
2980050
2980051
2980052
2980059
2980060
2980062
2980064
2980065
2980066
2980068
2980069
2980073
2980078
2980080
2980085
2980097
2980100
2980101
2980107
2980113
2980114
2980126
2980127
2980128
2980129
2980131
2980132
2980136
2980139
2980141
2980143
2980144
2980145
2980146
2980147
2980148
2980149
2980152
2980154
2980156
2980158
2980159
2980162
2980166
2980167
2980170
2980188
2980189
2980206
2980209
2980212
2980215
2980219
2980220
2980221
2980222
2980224
2980228
2980230
2980231
2980232
2980233
2980234
2980235
2980236
2980237
2980241
2980248
2980249
2980251
2980262
2980265
2980266
2980268
2980269
2980271
2980275
2980276
2980279
2980284
2980285
2980287
2980288
2980293
2980298
2980300
2980306
2980312
2980313
2980318
2980319
2980325
2980335
2980339
2980342
2980344
2980345
2980346
2980347
2980349
2980351
2980352
2980353
2980354
2980357
2980358
2980362
2980364
2980369
2980372
2980373
2980374
2980375
2980381
2980382
2980383
2980384
2980386
2980387
2980388
2980390
2980393
2980395
2980396
2980401
2980402
2980405
2980409
2980425
2980430
2980432
2980435
2980438
2980447
2980453
2980454
2980455
2980457
2980458
2980459
2980461
2980464
2980467
2980468
2980469
2980470
2980472
2980475
2980477
2980483
2980485
2980487
2980488
2980492
2980493
2980495
2980496
2980497
2980502
2980503
2980505
2980506
2980507
2980509
2980512
2980521
2980526
2980529
2980531
2980536
2980537
2980540
2980542
2980543
2980544
2980545
2980547
2980548
2980552
2980554
2980555
2980559
2980560
2980562
2980567
2980568
2980573
2980574
2980576
2980577
2980585
2980587
2980591
2980592
2980594
2980595
2980598
2980600
2980601
2980608
2980611
2980615
2980616
2980618
2980623
2980624
2980626
2980635
2980636
2980639
2980643
2980655
2980657
2980658
2980663
2980669
2980674
2980678
2980680
2980690
2980697
2980699
2980705
2980706
2980712
2980713
2980714
2980717
2980719
2980723
2980727
2980735
2980737
2980742
2980744
2980746
2980748
2980749
2980751
2980758
2980761
2980764
2980768
2980769
2980776
2980778
2980779
2980782
2980790
2980796
2980798
2980799
2980801
2980807
2980811
2980813
2980814
2980825
2980826
2980831
2980836
2980837
2980839
2980842
2980849
2980855
2980858
2980863
2980881
2980884
2980885
2980887
2980893
2980894
2980897
2980900
2980901
2980902
2980904
2980906
2980909
2980910
2980916
2980921
2980923
2980927
2980933
2980939
2980949
2980954
2980956
2980961
2980964
2980965
2980967
2980968
2980970
2980979
2980988
2980990
2980993
2980999
2981001
2981005
2981007
2981008
2981009
2981012
2981014
2981015
2981016
2981018
2981020
2981022
2981023
2981027
2981037
2981081
2981082
2981083
2981084
2981085
2981090
2981093
2981097
2981100
2981101
2981104
2981107
2981109
2981113
2981114
2981118
2981119
2981125
2981128
2981148
2981150
2981154
2981155
2981156
2981159
2981160
2981175
2981177
2981180
2981182
2981184
2981185
2981191
2981193
2981194
2981198
2981202
2981203
2981209
2981218
2981221
2981222
2981228
2981230
2981236
2981246
2981249
2981253
2981255
2981259
2981264
2981265
2981266
2981288
2981289
2981292
2981297
2981298
2981300
2981302
2981303
2981307
2981312
2981320
3794867
3794922
3795012
3795018
3795043
3795130
3795164
3795171
3795180
3795251
3795355
3795386
3795441
3795551
3796030
3796044
3796050
3796080
3796180
3796289
3796311
3796342
3796559
3972125
3972142
3972553
3972785
3972804
3973021
3973025
3973268
3973290
3973292
3973301
3973482
3973729
3973963
3975514
3975561
3975725
3975740
3976103
3976606
3976819
3977230
3977534
3977656
3978276
3978369
3978706
3978854
3979060
3979063
3979076
3979342
3979489
3979622
3980165
7302727
7423682
7440519
7487621
7535524
7603407
7865768
7887649
7921301
7967285
8041991
8165214
8179956
8289605
8316457
8351721
8358176
8366717
9672860
10719808
10897475
